Maca|18,50|100,00
Laranja|12,50|90,00
Abacaxi|14,00|60,00
Morango|19,00|70,00
Tomate|17,00|85,00
Alface|13,00|90,00
Cenoura|16,00|65,00
Batata|14,50|100,00
Pepino|15,50|75,00
Abobora|13,50|80,00
Pimentao|19,50|55,00
Couve|18,00|60,00
Brocolis|16,50|90,00
Cebola|12,00|95,00
Alho|18,50|50,00
Manga|15,00|90,00
Melancia|14,00|100,00
Abacate|19,00|70,00
Uva|17,50|85,00
Banana|13,25|100,00

020: Banana                        | R$/kg: 13,25  | Quantidade (kg): 100,00
-----------------------------------------------------------------------------